10 15
1020 1020 1020 1020 1020 1020 1020 1020 1020 1020 1020 1020 1020 1020 1020
1189 4.0 14.8
46 115 142 0.0 122 112 0.0 87 125 0.0 0.0 104 0.0 94 44
391 1.0 14.8
41 71 26 59 100 128 156 51 88 0.0 138 164 0.0 146 134
712 2.0 14.8
122 45 77 55 85 45 0.0 120 0.0 131 69 105 134 71 127
691 2.0 14.8
86 72 4 78 114 130 0.0 158 39 76 0.0 0.0 143 119 132
439 1.0 14.8
87 155 99 142 71 155 0.0 142 68 104 98 0.0 102 139 100
1460 4.0 14.8
105 84 0.0 95 139 53 99 126 116 43 118 149 86 4 0.0
503 2.0 14.8
59 65 42 0.0 115 0.0 14 88 79 0.0 0.0 127 47 116 86
762 2.0 14.8
128 0.0 140 133 49 106 85 0.0 0.0 52 149 92 150 88 98
389 1.0 14.8
117 94 0.0 91 96 105 90 36 110 128 94 124 43 63 105
330 1.0 14.8
71 42 121 78 83 64 58 0.0 53 69 109 0.0 106 120 125
