10 15
1000 1000 1000 1000 1000 1000 1000 1000 1000 1000 1000 1000 1000 1000 1000
314 1.0 15.0
139 59 86 0.0 0.0 38 0.0 76 144 76 120 67 121 119 0.0
707 2.0 15.0
141 113 76 36 0.0 188 0.0 115 59 122 99 0.0 113 116 0.0
1241 4.0 15.0
0.0 0.0 101 114 70 68 75 163 152 57 95 0.0 54 0.0 85
1833 5.0 15.0
105 119 56 148 87 0.0 105 120 0.0 0.0 103 126 0.0 139 114
2078 5.0 15.0
102 123 0.0 68 87 65 101 107 52 122 124 95 101 132 106
910 3.0 15.0
0.0 0.0 0.0 81 150 0.0 146 143 125 0.0 0.0 40 66 113 147
715 2.0 15.0
88 125 0.0 139 119 85 129 41 116 0.0 120 0.0 129 100 0.0
2211 5.0 15.0
0.0 99 104 91 97 101 136 142 25 131 128 63 107 136 114
358 1.0 15.0
104 90 122 43 137 47 106 0.0 0.0 107 45 72 93 140 88
1143 3.0 15.0
0.0 66 171 113 101 96 130 119 0.0 120 0.0 142 117 95 0.0
