20 20
2043 2043 2043 2043 2043 2043 2043 2043 2043 2043 2043 2043 2043 2043 2043 2043 2043 2043 2043 2043
317 1.0 14.9
139 59 86 0.0 0.0 38 0.0 76 144 76 120 67 121 119 0.0 141 113 76 36 0.0
725 2.0 14.9
188 0.0 115 59 122 99 0.0 113 116 0.0 0.0 0.0 101 114 70 68 75 163 152 57
1310 4.0 14.9
95 0.0 54 0.0 85 105 119 56 148 87 0.0 105 120 0.0 0.0 103 126 0.0 139 114
727 2.0 14.9
102 123 0.0 68 87 65 101 107 52 122 124 95 101 132 106 0.0 0.0 0.0 81 150
1460 4.0 14.9
0.0 146 143 125 0.0 0.0 40 66 113 147 88 125 0.0 139 119 85 129 41 116 0.0
1231 3.0 14.9
120 0.0 129 100 0.0 0.0 99 104 91 97 101 136 142 25 131 128 63 107 136 114
370 1.0 14.9
104 90 122 43 137 47 106 0.0 0.0 107 45 72 93 140 88 0.0 66 171 113 101
1482 5.0 14.9
96 130 119 0.0 120 0.0 142 117 95 0.0 0.0 0.0 46 82 131 97 0.0 73 69 0.0
372 1.0 14.9
92 75 116 136 136 32 20 0.0 95 0.0 116 112 49 127 148 124 96 0.0 88 91
1087 3.0 14.9
0.0 124 83 0.0 34 86 111 114 104 111 110 74 89 111 0.0 114 143 0.0 95 108
959 3.0 14.9
112 124 90 143 0.0 0.0 36 107 90 60 81 0.0 144 92 0.0 58 23 139 49 73
353 1.0 14.9
45 73 79 110 104 0.0 129 84 137 67 48 111 59 154 100 0.0 133 0.0 68 69
632 2.0 14.9
83 127 0.0 0.0 121 0.0 128 53 0.0 0.0 0.0 138 37 69 51 85 161 170 106 76
808 2.0 14.9
129 158 127 85 122 116 60 52 42 163 32 133 82 46 64 93 102 75 0.0 114
1224 4.0 14.9
127 0.0 68 48 98 56 76 0.0 84 79 104 0.0 98 76 72 54 122 90 108 0.0
1538 4.0 14.9
66 147 106 84 123 97 0.0 110 125 126 33 0.0 132 144 82 146 102 0.0 86 0.0
1912 5.0 14.9
0.0 0.0 149 137 76 106 107 50 123 132 108 81 78 172 0.0 94 0.0 135 89 63
1765 4.0 14.9
116 88 94 115 83 45 35 105 51 159 109 38 140 95 99 77 131 147 108 126
1766 5.0 14.9
16 76 0.0 129 100 127 97 80 178 88 130 93 74 95 10 87 50 77 0.0 63
339 1.0 14.9
95 106 78 96 62 55 83 0.0 90 61 60 104 144 27 161 137 70 76 0.0 0.0
