20 20
2010 2010 2010 2010 2010 2010 2010 2010 2010 2010 2010 2010 2010 2010 2010 2010 2010 2010 2010 2010
337 1.0 15.0
0.0 127 148 67 0.0 70 29 91 103 118 71 76 81 96 87 0.0 77 42 96 118
1484 4.0 15.0
88 75 73 64 36 17 116 136 61 37 54 142 93 120 0.0 93 80 118 109 137
1328 4.0 15.0
83 110 130 0.0 0.0 0.0 117 95 64 0.0 99 77 119 66 102 0.0 115 148 22 128
278 1.0 15.0
101 76 25 74 70 110 44 0.0 0.0 124 130 163 40 0.0 75 0.0 0.0 108 25 72
868 2.0 15.0
154 124 141 108 73 105 73 16 0.0 146 136 108 0.0 111 114 87 43 170 105 116
1133 3.0 15.0
46 0.0 0.0 104 138 104 143 97 0.0 120 72 53 144 72 157 68 29 97 114 121
754 2.0 15.0
83 102 0.0 107 128 42 137 93 101 0.0 146 143 103 139 117 0.0 94 87 0.0 54
1429 4.0 15.0
151 91 130 63 0.0 58 66 0.0 0.0 159 51 0.0 66 156 62 72 140 87 149 87
2208 5.0 15.0
116 142 128 103 157 0.0 135 94 0.0 67 164 0.0 147 66 122 93 12 150 126 141
1244 3.0 15.0
107 61 135 0.0 155 108 122 59 141 0.0 164 0.0 38 134 0.0 94 127 154 104 140
1212 3.0 15.0
84 165 60 64 145 41 82 49 0.0 73 116 108 85 183 89 43 63 142 141 63
1154 3.0 15.0
0.0 109 112 111 104 87 103 77 113 92 55 58 162 105 0.0 102 109 0.0 105 106
1641 5.0 15.0
70 54 0.0 41 62 129 39 0.0 0.0 111 145 147 0.0 81 0.0 97 49 127 100 207
752 2.0 15.0
118 105 0.0 136 0.0 0.0 73 86 48 117 60 146 157 97 49 121 37 135 40 145
2055 5.0 15.0
84 83 67 113 112 0.0 164 100 127 0.0 97 114 94 125 56 111 64 142 54 120
325 1.0 15.0
79 0.0 101 59 98 79 128 53 106 23 23 109 79 89 114 124 71 53 58 0.0
1220 4.0 15.0
81 73 129 0.0 119 0.0 0.0 95 79 0.0 91 171 73 110 0.0 0.0 0.0 102 74 159
641 2.0 15.0
0.0 0.0 102 61 0.0 131 0.0 76 104 153 126 103 35 58 82 104 49 118 0.0 122
571 2.0 15.0
105 134 0.0 61 97 62 0.0 0.0 85 78 0.0 50 73 64 0.0 97 0.0 79 165 119
1287 4.0 15.0
140 59 176 64 182 83 66 0.0 11 0.0 0.0 106 115 92 0.0 100 0.0 0.0 156 80
