20 20
1993 1993 1993 1993 1993 1993 1993 1993 1993 1993 1993 1993 1993 1993 1993 1993 1993 1993 1993 1993
295 1.0 14.9
0.0 107 46 113 0.0 59 0.0 130 90 106 0.0 121 123 94 153 0.0 62 0.0 0.0 107
392 1.0 14.9
0.0 55 103 138 131 132 88 41 64 77 74 131 139 68 147 70 54 0.0 102 130
568 2.0 14.9
150 0.0 0.0 106 130 100 55 0.0 0.0 0.0 96 76 55 132 57 106 0.0 108 0.0 92
750 2.0 14.9
0.0 0.0 109 109 62 90 116 143 0.0 31 142 78 116 0.0 78 118 201 58 114 101
1924 5.0 14.9
52 51 83 66 0.0 148 107 146 0.0 158 78 99 105 120 94 149 0.0 85 91 78
555 2.0 14.9
88 82 0.0 0.0 33 0.0 0.0 0.0 0.0 137 126 0.0 82 89 47 0.0 150 158 152 89
384 1.0 14.9
156 106 101 135 0.0 135 103 110 93 96 106 0.0 47 105 100 122 120 73 0.0 0.0
380 1.0 14.9
23 40 44 0.0 108 126 100 94 0.0 106 91 141 102 108 121 79 173 127 105 0.0
732 2.0 14.9
127 0.0 118 106 58 0.0 140 110 50 164 50 75 65 170 107 52 120 0.0 0.0 114
387 1.0 14.9
112 79 83 56 142 66 99 66 187 122 100 0.0 46 139 91 33 0.0 77 106 114
1936 5.0 14.9
71 68 141 97 120 140 99 47 137 100 95 123 30 87 78 0.0 73 0.0 147 68
1495 4.0 14.9
0.0 102 74 0.0 66 95 92 84 157 0.0 112 114 102 79 98 101 67 93 136 89
2238 5.0 14.9
142 87 49 141 95 135 102 105 0.0 120 128 36 164 56 32 196 134 53 126 88
1705 4.0 14.9
98 120 75 99 0.0 121 0.0 125 117 231 86 143 67 153 72 103 72 0.0 87 125
1941 5.0 14.9
38 0.0 0.0 66 151 121 81 77 76 69 90 96 152 124 109 101 148 0.0 137 89
1518 5.0 14.9
32 158 0.0 0.0 108 0.0 142 89 98 0.0 59 49 107 134 109 0.0 0.0 164 0.0 100
1019 3.0 14.9
95 113 0.0 166 99 58 61 0.0 146 93 0.0 151 112 121 78 88 95 33 0.0 0.0
1458 4.0 14.9
115 56 92 66 54 0.0 120 106 123 81 0.0 64 143 168 0.0 160 0.0 65 113 94
537 2.0 14.9
88 0.0 0.0 73 69 0.0 96 58 102 56 0.0 0.0 158 138 75 54 0.0 0.0 117 110
1400 4.0 14.9
113 36 122 155 0.0 67 0.0 121 57 85 151 0.0 108 79 75 88 0.0 93 131 74
