20 20
2025 2025 2025 2025 2025 2025 2025 2025 2025 2025 2025 2025 2025 2025 2025 2025 2025 2025 2025 2025
1166 3.0 15.2
131 185 87 79 91 77 0.0 0.0 0.0 74 129 80 114 150 142 126 76 57 0.0 129
904 3.0 15.2
96 106 0.0 105 0.0 0.0 0.0 108 67 139 121 79 98 0.0 0.0 97 147 0.0 53 123
1195 3.0 15.2
0.0 0.0 42 130 76 0.0 124 0.0 79 93 110 169 144 175 164 142 129 0.0 124 70
1348 4.0 15.2
102 128 69 93 68 33 0.0 118 0.0 108 51 117 66 139 0.0 78 148 65 115 0.0
1105 3.0 15.2
0.0 98 62 79 17 179 0.0 92 93 0.0 148 150 120 65 11 98 80 98 126 121
872 5.0 15.2
0.0 0.0 114 62 35 0.0 0.0 83 23 32 55 138 74 0.0 0.0 0.0 74 0.0 85 0.0
1493 4.0 15.2
111 129 97 66 0.0 129 103 18 0.0 132 76 0.0 0.0 165 67 122 157 172 0.0 115
297 1.0 15.2
67 58 145 82 149 0.0 118 106 92 0.0 0.0 0.0 0.0 140 0.0 33 96 73 89 74
1967 5.0 15.2
60 96 107 92 154 104 86 87 125 0.0 0.0 129 0.0 129 75 107 112 133 56 96
1205 3.0 15.2
41 0.0 95 97 56 92 171 33 116 110 114 113 113 116 130 0.0 156 131 0.0 101
2088 5.0 15.2
130 147 120 77 57 159 74 87 120 97 117 101 119 81 104 116 150 0.0 0.0 0.0
2153 5.0 15.2
49 143 77 121 171 104 0.0 79 121 167 80 102 0.0 103 50 84 133 148 112 70
1660 4.0 15.2
134 0.0 71 106 113 80 87 160 133 0.0 0.0 142 91 144 39 97 133 105 90 119
651 2.0 15.2
138 0.0 0.0 121 72 95 0.0 153 138 81 131 42 0.0 0.0 0.0 82 0.0 123 136 135
1528 4.0 15.2
19 120 76 132 149 93 73 137 183 0.0 0.0 0.0 86 20 105 114 53 144 139 55
1212 3.0 15.2
62 91 88 76 112 112 97 89 97 98 82 102 74 68 0.0 146 50 97 111 144
1061 3.0 15.2
82 110 109 90 52 97 111 0.0 90 86 121 43 0.0 56 118 129 139 77 62 0.0
884 2.0 15.2
116 136 130 125 68 117 177 0.0 64 55 70 189 99 101 91 133 83 120 0.0 90
1698 5.0 15.2
38 85 112 0.0 95 0.0 96 78 127 103 113 97 86 86 68 83 76 78 0.0 88
1729 5.0 15.2
77 36 0.0 97 132 88 88 0.0 40 114 114 162 69 107 4 108 0.0 107 138 56
