20 20
1987 1987 1987 1987 1987 1987 1987 1987 1987 1987 1987 1987 1987 1987 1987 1987 1987 1987 1987 1987
869 3.0 14.5
46 115 142 0.0 122 112 0.0 87 125 0.0 0.0 104 0.0 94 44 41 71 26 59 100
1516 4.0 14.5
128 156 51 88 0.0 138 164 0.0 146 134 122 45 77 55 85 45 0.0 120 0.0 131
373 1.0 14.5
69 105 134 71 127 86 72 4 78 114 130 0.0 158 39 76 0.0 0.0 143 119 132
848 2.0 14.5
87 155 99 142 71 155 0.0 142 68 104 98 0.0 102 139 100 105 84 0.0 95 139
1130 4.0 14.5
53 99 126 116 43 118 149 86 4 0.0 59 65 42 0.0 115 0.0 14 88 79 0.0
741 2.0 14.5
0.0 127 47 116 86 128 0.0 140 133 49 106 85 0.0 0.0 52 149 92 150 88 98
1141 3.0 14.5
117 94 0.0 91 96 105 90 36 110 128 94 124 43 63 105 71 42 121 78 83
1139 3.0 14.5
64 58 0.0 53 69 109 0.0 106 120 125 202 56 0.0 154 100 0.0 135 125 105 106
744 2.0 14.5
74 0.0 63 76 74 100 0.0 97 92 122 189 156 66 99 60 140 98 0.0 16 132
790 2.0 14.5
170 0.0 163 100 153 113 148 69 134 85 47 137 0.0 53 0.0 104 98 0.0 74 108
1223 5.0 14.5
57 0.0 0.0 67 0.0 50 84 0.0 97 141 94 0.0 73 98 108 47 0.0 83 88 0.0
991 3.0 14.5
109 106 105 18 29 0.0 47 171 106 111 62 126 0.0 68 27 64 0.0 138 92 89
311 1.0 14.5
98 48 0.0 138 83 103 0.0 127 133 62 79 50 0.0 75 0.0 24 96 120 73 73
626 2.0 14.5
180 0.0 115 88 130 0.0 146 112 66 66 0.0 91 109 123 0.0 77 89 0.0 0.0 0.0
1106 3.0 14.5
146 116 0.0 120 124 110 47 94 139 0.0 0.0 156 119 82 132 54 82 118 0.0 0.0
894 2.0 14.5
0.0 171 112 76 145 54 119 129 182 138 0.0 0.0 146 125 81 129 145 73 72 89
383 1.0 14.5
0.0 123 0.0 36 118 176 111 94 97 61 103 0.0 59 110 62 107 73 100 107 166
583 3.0 14.5
0.0 25 119 0.0 0.0 0.0 121 0.0 125 0.0 0.0 0.0 100 0.0 0.0 0.0 119 130 0.0 125
1717 5.0 14.5
0.0 57 73 93 82 115 132 60 105 152 96 22 0.0 87 97 87 101 135 0.0 32
789 2.0 14.5
158 106 133 147 57 0.0 151 69 50 151 0.0 0.0 122 119 99 0.0 187 0.0 74 130
