10 15
1048 1048 1048 1048 1048 1048 1048 1048 1048 1048 1048 1048 1048 1048 1048
1455 5.0 15.4
0.0 125 76 0.0 0.0 120 0.0 0.0 166 125 119 63 61 0.0 115
886 2.0 15.4
65 183 94 0.0 107 159 0.0 58 104 137 105 78 161 110 116
698 2.0 15.4
0.0 140 115 88 0.0 88 85 50 135 91 133 0.0 0.0 146 92
1259 3.0 15.4
0.0 88 127 110 109 84 99 110 108 3 147 138 0.0 128 148
365 1.0 15.4
106 86 90 162 136 0.0 0.0 66 0.0 64 119 137 110 109 31
1130 3.0 15.4
73 0.0 88 168 0.0 103 89 0.0 154 88 0.0 165 97 150 80
1839 5.0 15.4
159 115 0.0 0.0 104 0.0 98 125 69 68 177 0.0 117 95 99
1600 4.0 15.4
157 113 66 74 152 73 135 0.0 96 51 130 129 0.0 81 76
644 2.0 15.4
109 27 77 0.0 89 128 117 0.0 75 118 92 144 97 0.0 0.0
367 1.0 15.4
129 92 141 0.0 98 107 113 0.0 94 0.0 22 140 86 129 73
