10 15
1209 1209 1209 1209 1209 1209 1209 1209 1209 1209 1209 1209 1209 1209 1209
402 1.0 14.0
131 185 87 79 91 77 0.0 0.0 0.0 74 129 80 114 150 142
605 2.0 14.0
126 76 57 0.0 129 96 106 0.0 105 0.0 0.0 0.0 108 67 139
290 1.0 14.0
121 79 98 0.0 0.0 97 147 0.0 53 123 0.0 0.0 42 130 76
1828 4.0 14.0
0.0 124 0.0 79 93 110 169 144 175 164 142 129 0.0 124 70
655 2.0 14.0
102 128 69 93 68 33 0.0 118 0.0 108 51 117 66 139 0.0
1231 4.0 14.0
78 148 65 115 0.0 0.0 98 62 79 17 179 0.0 92 93 0.0
1474 4.0 14.0
148 150 120 65 11 98 80 98 126 121 0.0 0.0 114 62 35
169 1.0 14.0
0.0 0.0 83 23 32 55 138 74 0.0 0.0 0.0 74 0.0 85 0.0
656 2.0 14.0
111 129 97 66 0.0 129 103 18 0.0 132 76 0.0 0.0 165 67
1660 4.0 14.0
122 157 172 0.0 115 67 58 145 82 149 0.0 118 106 92 0.0
