10 15
992 992 992 992 992 992 992 992 992 992 992 992 992 992 992
703 2.0 14.9
18 54 93 118 100 147 94 0.0 130 98 81 0.0 0.0 116 123
831 2.0 14.9
116 80 92 128 92 27 105 145 152 65 74 43 130 70 66
2013 5.0 14.9
71 96 47 135 103 80 82 65 37 152 42 69 118 152 93
1224 5.0 14.9
0.0 0.0 0.0 0.0 0.0 71 0.0 0.0 180 57 97 97 116 113 85
1332 4.0 14.9
0.0 143 0.0 120 30 135 0.0 119 81 138 0.0 106 102 0.0 136
813 2.0 14.9
145 19 133 67 118 85 65 134 0.0 113 164 149 89 74 0.0
1518 5.0 14.9
108 116 0.0 0.0 119 90 130 88 94 90 59 118 0.0 0.0 0.0
717 2.0 14.9
124 131 0.0 109 102 0.0 138 0.0 76 115 38 0.0 127 151 84
357 1.0 14.9
76 74 0.0 0.0 0.0 127 103 64 121 122 117 88 94 116 88
1585 4.0 14.9
106 0.0 136 143 128 0.0 0.0 112 74 157 0.0 105 166 106 88
