10 15
1077 1077 1077 1077 1077 1077 1077 1077 1077 1077 1077 1077 1077 1077 1077
2250 5.0 15.3
64 150 104 0.0 69 131 141 0.0 71 125 115 203 117 61 149
446 1.0 15.3
0.0 100 170 34 66 127 54 53 160 86 126 126 112 112 162
628 2.0 15.3
32 0.0 0.0 0.0 76 151 131 0.0 59 127 96 88 107 79 101
1294 3.0 15.3
100 110 124 123 112 147 47 104 95 0.0 101 90 95 136 54
1641 5.0 15.3
85 117 109 76 0.0 111 36 0.0 70 88 74 161 61 0.0 106
595 2.0 15.3
79 107 0.0 0.0 138 63 0.0 95 42 0.0 170 76 63 73 85
362 1.0 15.3
94 134 125 82 65 92 0.0 138 65 10 80 125 0.0 123 73
1982 5.0 15.3
115 113 101 64 118 70 113 91 95 0.0 87 113 112 0.0 129
1554 5.0 15.3
125 94 102 0.0 0.0 80 0.0 0.0 120 108 0.0 121 68 80 138
346 1.0 15.3
52 155 33 110 115 71 0.0 66 0.0 108 86 111 114 132 0.0
