10 15
1051 1051 1051 1051 1051 1051 1051 1051 1051 1051 1051 1051 1051 1051 1051
1229 4.0 15.8
57 0.0 111 61 84 89 0.0 166 60 0.0 0.0 87 86 87 136
952 3.0 15.8
63 106 108 69 126 77 43 115 0.0 50 62 29 40 108 62
2193 5.0 15.8
129 122 71 121 50 122 114 39 68 132 146 76 108 116 48
674 2.0 15.8
113 0.0 106 96 0.0 85 110 115 174 0.0 164 127 0.0 34 0.0
438 1.0 15.8
0.0 123 128 48 87 114 188 129 110 149 99 112 85 87 0.0
638 2.0 15.8
112 69 61 57 80 0.0 0.0 39 0.0 112 192 108 67 67 99
1850 5.0 15.8
0.0 103 74 139 92 0.0 55 98 0.0 0.0 45 253 92 166 116
380 1.0 15.8
111 95 142 174 104 0.0 55 82 39 100 63 64 96 95 46
2241 5.0 15.8
94 113 142 0.0 0.0 119 99 146 87 40 186 63 125 147 133
858 2.0 15.8
0.0 87 88 81 115 101 107 79 124 96 111 132 104 85 120
