10 15
940 940 940 940 940 940 940 940 940 940 940 940 940 940 940
1713 5.0 14.1
0.0 107 46 113 0.0 59 0.0 130 90 106 0.0 121 123 94 153
1198 4.0 14.1
0.0 62 0.0 0.0 107 0.0 55 103 138 131 132 88 41 64 77
1171 3.0 14.1
74 131 139 68 147 70 54 0.0 102 130 150 0.0 0.0 106 130
263 1.0 14.1
100 55 0.0 0.0 0.0 96 76 55 132 57 106 0.0 108 0.0 92
322 1.0 14.1
0.0 0.0 109 109 62 90 116 143 0.0 31 142 78 116 0.0 78
1684 4.0 14.1
118 201 58 114 101 52 51 83 66 0.0 148 107 146 0.0 158
331 1.0 14.1
78 99 105 120 94 149 0.0 85 91 78 88 82 0.0 0.0 33
1236 4.0 14.1
0.0 0.0 0.0 0.0 137 126 0.0 82 89 47 0.0 150 158 152 89
1672 4.0 14.1
156 106 101 135 0.0 135 103 110 93 96 106 0.0 47 105 100
574 2.0 14.1
122 120 73 0.0 0.0 23 40 44 0.0 108 126 100 94 0.0 106
