10 15
1020 1020 1020 1020 1020 1020 1020 1020 1020 1020 1020 1020 1020 1020 1020
776 2.0 14.1
105 96 159 122 0.0 75 129 99 72 0.0 86 101 116 0.0 134
724 2.0 14.1
0.0 0.0 58 116 82 0.0 109 68 167 0.0 144 148 142 87 85
601 2.0 14.1
79 65 38 0.0 95 0.0 0.0 57 44 102 114 165 0.0 83 159
1009 3.0 14.1
0.0 75 165 0.0 64 109 0.0 200 127 124 0.0 0.0 141 82 34
1036 3.0 14.1
122 38 122 105 72 0.0 77 0.0 105 159 45 52 0.0 82 172
1772 5.0 14.1
109 86 114 14 142 91 143 125 129 0.0 75 0.0 63 90 0.0
1082 3.0 14.1
107 0.0 123 148 93 0.0 86 0.0 25 130 119 124 140 107 0.0
1226 5.0 14.1
141 118 0.0 94 129 0.0 0.0 59 60 0.0 0.0 128 0.0 88 0.0
768 2.0 14.1
110 62 102 118 137 76 0.0 134 94 33 49 127 92 95 51
310 1.0 14.1
96 127 0.0 118 109 0.0 89 61 84 141 101 0.0 50 56 0.0
