10 15
988 988 988 988 988 988 988 988 988 988 988 988 988 988 988
1048 3.0 14.8
0.0 127 148 67 0.0 70 29 91 103 118 71 76 81 96 87
1554 5.0 14.8
0.0 77 42 96 118 88 75 73 64 36 17 116 136 61 37
381 1.0 14.8
54 142 93 120 0.0 93 80 118 109 137 83 110 130 0.0 0.0
1382 4.0 14.8
0.0 117 95 64 0.0 99 77 119 66 102 0.0 115 148 22 128
1238 4.0 14.8
101 76 25 74 70 110 44 0.0 0.0 124 130 163 40 0.0 75
1030 3.0 14.8
0.0 0.0 108 25 72 154 124 141 108 73 105 73 16 0.0 146
1534 4.0 14.8
136 108 0.0 111 114 87 43 170 105 116 46 0.0 0.0 104 138
417 1.0 14.8
104 143 97 0.0 120 72 53 144 72 157 68 29 97 114 121
432 1.0 14.8
83 102 0.0 107 128 42 137 93 101 0.0 146 143 103 139 117
1144 4.0 14.8
0.0 94 87 0.0 54 151 91 130 63 0.0 58 66 0.0 0.0 159
